00000000000000
11111111111111
11111111011111
11111111000000
00000001001011
00001000010001
00010100101011
00100100000111
00110010011111
00111011110111
00111111000000
00111011101001
00110010111101
00100100100111
00010011011100
11111111100101
11101100011100
11011010101001
11001100111010
11000011111111
11000000111001
11000100001101
11001100111100
11011011010000
11101100011110
00000000010100
00010011011110
00100101001110
00110010111111
00111011110111
00111111000000
00111011101001
00110010111101
00100100100111
00010011011100
11111111100101
11101100011100
11011010101001
11001100111010
11000011111111
11000000111001
11000100001101
11001100111100
11011011010000
11101100011110
00000000010100
00010011011110
00100101001110
00110010111111
00111011111000
00111111000001
00111011101010
00110010111110
00100100101001
00010011011101
11111111100110
11101100011101
11011010101010
11001100111010
11000011111111
11000000111001
11000100001101
11001100111100
11011011010000
11101100011110
00000000010100
00010011011110
00100101001110
00110010111111
00111011111000
00111111000001
00111011101010
00110010111110
00100100101000
00010011011100
11111111100101
11101100011100
11011010101001
11001100111010
11000011111111
11000000111001
11000100001101
11001100111100
11011011010000
11101100011110
00000000010100
00010011011110
00100101001110
00110010111111
00111011110111
00111111000000
00111011101001
00110010111101
00100100100111
00010011011100
11111111100110
11101100011101
11011010101011
11001100111100
11000100000001
11000000111010
11000100001101
11001100111011
11011011001110
11101100011100
00000000010010
00010011011101
00100101001100
00110010111110
00111011110110
00111110111111
00111011101000
00110010111101
00100100100111
00010011011100
11111111100101
11101100011100
11011010101001
11001100111010
11000011111110
11000000111000
11000100001011
11001100111010
11011011001110
11101100011101
00000000010010
00010011011101
00100101001101
00110010111110
00111011110111
00111111000001
00111011101011
00110010111111
00100100101001
00010011011101
11111111100111
11101100011101
11011010101011
11001100111100
11000100000001
11000000111010
11000100001101
11001100111011
11011011001111
11101100011101
00000000010011
00010011011110
00100101001110
00110010111111
00111011110111
00111111000000
00111011101001
00110010111101
00100100101000
00010011011101
11111111100110
11101100011101
11011010101010
11001100111010
11000011111110
11000000111000
11000100001100
11001100111011
11011011001111
11101100011110
00000000010011
00010011011101
00100101001101
00110010111110
00111011110111
00111111000001
00111011101011
00110010111111
00100100101001
00010011011101
11111111100110
11101100011100
11011010101010
11001100111011
11000100000000
11000000111010
11000100001110
11001100111100
11011011010000
11101100011110
00000000010100
00010011011110
00100101001101
00110010111110
00111011110110
00111110111111
00111011101001
00110010111110
00100100101001
00010011011110
11111111100111
11101100011101
11011010101011
11001100111011
11000011111111
11000000111001