0
-1
-33
-64
75
529
1323
2311
3231
3831
4032
3817
3261
2343
1244
-27
-1252
-2391
-3270
-3841
-4039
-3827
-3268
-2352
-1250
20
1246
2382
3263
3831
4032
3817
3261
2343
1244
-27
-1252
-2391
-3270
-3841
-4039
-3827
-3268
-2352
-1250
20
1246
2382
3263
3832
4033
3818
3262
2345
1245
-26
-1251
-2390
-3270
-3841
-4039
-3827
-3268
-2352
-1250
20
1246
2382
3263
3832
4033
3818
3262
2344
1244
-27
-1252
-2391
-3270
-3841
-4039
-3827
-3268
-2352
-1250
20
1246
2382
3263
3831
4032
3817
3261
2343
1244
-26
-1251
-2389
-3268
-3839
-4038
-3827
-3269
-2354
-1252
18
1245
2380
3262
3830
4031
3816
3261
2343
1244
-27
-1252
-2391
-3270
-3842
-4040
-3829
-3270
-2354
-1251
18
1245
2381
3262
3831
4033
3819
3263
2345
1245
-25
-1251
-2389
-3268
-3839
-4038
-3827
-3269
-2353
-1251
19
1246
2382
3263
3831
4032
3817
3261
2344
1245
-26
-1251
-2390
-3270
-3842
-4040
-3828
-3269
-2353
-1250
19
1245
2381
3262
3831
4033
3819
3263
2345
1245
-26
-1252
-2390
-3269
-3840
-4038
-3826
-3268
-2352
-1250
20
1246
2381
3262
3830
4031
3817
3262
2345
1246
-25
-1251
-2389
-3269
-3841
-4039
